Date,Organic Searches,Avg. Session Duration,Bounces,Exits,New Users,Sessions,Pageviews,Avg. Order Value,Buy-to-Detail Rate,Cart-to-Detail Rate,Ecommerce Conversion Rate,Product Adds To Cart,Per Session Value,Product Removes From Cart,Transactions,Product List CTR,Product List Clicks,Product Checkouts,Revenue,Clicks,Cost per Conversion,ROAS,CPC,CTR
20170528,396,84,2009,3035,2136,3035,7456,59.35,1.67,8.79,0.79,189,€0.47,63,24,0.45,328,94,1424.33,2144,18.44,321.86,0.21,0.21
20170529,375,90,2319,3471,2443,3471,8668,51.45,2.08,8.87,1.09,209,€0.56,26,38,0.42,295,178,1955.27,2764,15.75,326.69,0.22,0.18
20170525,315,81,2615,3794,2541,3794,9295,42.69,1.50,9.54,1.05,279,€0.45,23,40,0.56,452,182,1707.73,1931,11.02,387.39,0.23,0.21
20170530,300,96,1759,2737,1792,2737,7290,50.00,1.47,8.33,1.10,209,€0.55,15,30,0.37,300,101,1499.97,2821,21.30,234.70,0.23,0.19
20170815,285,122,1592,2608,1728,2608,8536,49.74,4.48,20.05,2.38,550,€1.18,40,62,0.43,300,351,3084.16,1250,5.42,918.45,0.27,0.27
20170808,229,107,1094,1827,1111,1827,5345,38.30,2.17,11.02,2.08,224,€0.80,21,38,0.42,175,152,1455.31,854,6.23,614.70,0.28,0.32
20170526,228,86,2073,2962,2025,2962,6917,48.21,1.29,9.89,0.78,214,€0.37,21,23,0.51,289,130,1108.83,1994,18.19,265.10,0.21,0.19
20170621,227,113,1033,1777,1051,1777,5174,50.52,1.29,6.50,1.69,187,€0.85,0,30,0.45,329,2,1515.62,1107,14.07,359.06,0.38,0.39
20170807,223,105,1184,1899,1069,1899,5643,35.96,1.79,10.70,1.95,239,€0.70,30,37,0.47,206,140,1330.53,907,6.19,580.87,0.25,0.31
20170809,214,123,975,1641,1004,1642,5470,44.76,2.71,12.97,2.25,244,€1.01,30,37,0.51,244,172,1656.13,748,5.63,794.46,0.28,0.38
20170806,211,118,1004,1656,960,1656,5119,36.90,2.13,11.12,2.11,224,€0.78,19,35,0.50,242,143,1291.35,836,8.11,454.76,0.34,0.34
20170814,208,123,1538,2515,1616,2515,8609,47.16,3.07,18.87,1.79,522,€0.84,56,45,0.47,325,353,2122.18,1161,5.71,825.50,0.22,0.24
20170811,200,123,1072,1767,1016,1767,6009,46.37,2.29,16.71,1.53,350,€0.71,30,27,0.43,224,192,1252.08,668,8.10,572.82,0.33,0.36
20170604,196,49,4332,5480,4296,5481,10021,53.75,2.06,12.08,0.71,335,€0.38,0,39,0.13,496,2,2096.36,6680,29.50,182.23,0.17,0.22
20170605,196,108,1371,2179,1295,2179,6398,46.05,1.78,9.43,1.97,265,€0.91,0,43,0.33,405,0,1980.01,4221,18.17,253.47,0.19,0.21
20170805,193,122,831,1394,896,1394,4280,42.14,2.89,11.48,2.22,183,€0.94,5,31,0.56,231,132,1306.47,835,9.88,426.42,0.37,0.34
20170614,187,109,948,1618,996,1618,4630,48.13,1.72,7.32,2.22,187,€1.07,0,36,0.40,291,0,1732.63,1494,12.96,371.33,0.31,0.29
20170606,185,109,852,1555,942,1555,4859,45.61,1.63,7.55,2.32,181,€1.06,0,36,0.35,265,0,1641.93,4303,27.08,168.40,0.23,0.24
20170527,184,70,1732,2492,1694,2492,5381,44.75,1.68,9.20,0.92,137,€0.41,8,23,0.41,176,71,1029.35,1707,13.78,324.85,0.19,0.19
20170613,184,115,913,1597,927,1597,4982,51.47,1.72,8.23,2.19,220,€1.13,0,35,0.42,355,1,1801.44,1784,15.82,325.25,0.31,0.29
20170622,183,109,1050,1762,1018,1762,4903,49.29,1.35,6.62,1.76,186,€0.87,0,31,0.52,345,2,1527.86,1036,14.02,351.64,0.42,0.36
20170619,181,105,1157,1997,1208,1997,5671,46.96,1.05,6.35,1.45,205,€0.68,0,29,0.47,365,2,1361.80,1644,22.63,207.49,0.40,0.40
20170601,179,134,797,1558,921,1558,5111,46.10,1.26,8.47,1.93,215,€0.89,0,30,0.36,308,1,1383.11,3040,21.62,213.20,0.21,0.16
20170813,179,117,1146,1892,1200,1892,6352,51.25,2.66,19.02,1.59,415,€0.81,32,30,0.41,200,239,1537.43,593,6.63,773.28,0.34,0.36
20170602,177,69,2622,3617,2655,3617,8362,50.20,1.38,12.13,0.88,352,€0.44,0,32,0.21,531,0,1606.32,4930,30.76,163.22,0.20,0.21
20170620,177,105,1166,1947,1124,1948,5426,50.28,1.82,7.16,2.21,213,€1.11,0,43,0.43,306,7,2162.02,1335,11.60,433.50,0.37,0.34
20170612,172,111,785,1437,867,1437,4291,52.13,2.10,8.55,2.37,187,€1.23,0,34,0.35,233,0,1772.54,2073,18.87,276.23,0.31,0.29
20170716,169,138,1813,2766,1816,2766,10623,49.76,3.93,15.67,3.83,845,€1.91,0,106,0.55,662,6,5274.83,2368,4.04,1233.13,0.18,0.50
20170615,164,92,849,1493,897,1493,4083,47.66,1.59,7.67,2.08,178,€0.99,0,31,0.39,237,4,1477.39,1502,17.76,268.39,0.37,0.33
20170627,164,124,832,1370,610,1370,4023,53.43,1.98,9.30,1.97,193,€1.05,0,27,0.39,202,0,1442.73,683,8.58,622.49,0.34,0.33
20170810,164,125,902,1472,878,1472,4742,40.26,2.06,12.11,1.83,200,€0.74,16,27,0.37,154,149,1087.12,753,7.79,516.94,0.28,0.37
20170607,162,116,960,1603,934,1603,4767,45.82,1.83,7.58,2.50,190,€1.14,0,40,0.38,256,1,1832.88,2271,13.14,348.81,0.23,0.25
20170608,162,124,817,1531,792,1531,4806,48.67,1.68,7.63,2.35,186,€1.14,0,36,0.40,287,1,1752.03,1532,13.92,349.57,0.33,0.31
20170724,157,116,907,1442,892,1442,4477,44.45,0.86,7.98,1.25,177,€0.55,0,18,0.49,273,1,800.02,1017,14.59,304.66,0.26,0.70
20170817,157,103,1040,1628,933,1628,4772,36.21,1.79,13.06,1.29,197,€0.47,20,21,0.43,152,108,760.33,802,13.10,276.47,0.34,0.22
20170703,156,136,859,1485,688,1485,4962,53.99,2.17,9.82,2.29,235,€1.24,0,34,0.51,370,3,1835.63,1093,10.03,538.20,0.31,0.32
20170812,156,133,1045,1771,1063,1771,6483,47.91,2.28,17.16,1.58,399,€0.76,44,28,0.40,220,258,1341.44,588,7.08,676.50,0.34,0.45
20170629,155,158,797,1387,632,1387,4931,53.03,2.63,10.54,3.03,256,€1.61,0,42,0.52,349,1,2227.08,847,7.40,716.73,0.37,0.39
20170717,153,152,665,1321,649,1321,5095,50.42,1.32,14.29,1.59,313,€0.80,0,21,0.47,271,1,1058.84,777,16.34,308.53,0.44,0.53
20170618,151,89,1100,1777,1082,1777,4883,45.35,1.16,5.27,1.80,164,€0.82,0,32,0.45,296,0,1451.31,1599,20.08,225.91,0.40,0.49
20170802,151,121,767,1331,819,1331,4264,43.06,1.95,10.71,2.55,225,€1.10,0,34,0.49,249,2,1464.12,1035,11.01,391.20,0.36,0.48
20170820,151,64,1445,2035,1364,2035,4892,33.63,1.80,15.89,0.98,238,€0.33,21,20,0.35,106,119,672.56,1403,16.89,199.05,0.24,0.20
20170628,150,122,761,1267,512,1267,3934,54.00,1.90,9.78,2.05,201,€1.11,0,26,0.48,267,0,1404.00,773,9.05,596.56,0.30,0.34
20170603,148,58,2950,3873,2876,3874,8044,56.37,1.31,13.46,0.62,330,€0.35,0,24,0.18,485,1,1352.95,4780,42.70,132.01,0.21,0.21
20170710,148,151,619,1109,556,1109,3880,53.55,1.96,10.45,2.25,197,€1.21,0,25,0.42,214,0,1338.74,857,13.61,393.46,0.40,0.49
20170715,148,116,1596,2404,1594,2404,8045,51.48,2.63,12.63,2.33,543,€1.20,0,56,0.52,479,4,2883.02,2207,7.02,733.42,0.18,0.36
20170819,146,67,1419,1992,1360,1992,4705,39.17,2.29,14.80,1.26,233,€0.49,29,25,0.41,126,123,979.35,1410,15.21,257.57,0.27,0.20
20170531,143,119,618,1193,691,1193,3882,52.30,2.29,10.29,2.85,202,€1.49,0,34,0.37,219,0,1778.24,2944,18.25,286.56,0.21,0.17
20170721,140,149,1156,2027,1146,2027,7901,49.50,3.60,16.37,3.50,642,€1.73,0,71,0.53,452,6,3514.44,1310,3.89,1272.61,0.21,0.44
20170611,139,99,769,1319,796,1319,3792,52.37,1.32,7.48,1.67,159,€0.87,0,22,0.38,230,0,1152.12,2038,28.66,182.75,0.31,0.32
20170720,139,150,1109,2056,1166,2056,8683,49.13,2.80,16.08,3.02,672,€1.48,0,62,0.57,589,0,3046.24,1102,3.81,1290.40,0.21,0.45
20170616,133,97,780,1326,801,1326,3644,47.39,1.13,5.82,1.51,119,€0.71,0,20,0.35,200,3,947.86,1284,25.76,183.95,0.40,0.38
20170816,132,116,690,1143,574,1143,3366,49.54,1.95,11.24,1.31,127,€0.65,9,15,0.40,98,71,743.07,360,7.39,670.04,0.31,0.60
20170804,131,115,684,1126,649,1126,3304,36.43,1.72,10.86,1.87,158,€0.68,3,21,0.47,168,35,765.08,910,15.58,233.78,0.36,0.35
20170626,128,116,737,1281,575,1281,3951,47.20,1.20,7.44,1.64,161,€0.77,0,21,0.46,236,3,991.21,509,10.34,456.52,0.43,0.32
20170711,128,130,587,1127,577,1127,3833,49.57,1.58,9.21,2.22,169,€1.10,0,25,0.45,229,0,1239.27,951,15.63,317.22,0.41,0.48
20170704,127,139,797,1382,591,1382,4679,46.69,2.94,10.69,3.33,240,€1.55,0,46,0.51,309,0,2147.61,960,6.10,764.77,0.29,0.30
20170818,126,110,1230,1911,1142,1911,6039,35.15,1.68,15.68,1.47,326,€0.51,45,28,0.50,249,132,984.06,1156,11.84,296.71,0.29,0.20
20170719,124,146,964,1725,969,1725,6708,47.28,1.81,15.02,1.97,498,€0.93,0,34,0.51,404,7,1607.48,1083,6.33,746.69,0.20,0.36
20170617,120,89,787,1286,735,1286,3454,52.90,1.23,5.98,1.48,122,€0.78,0,19,0.45,221,2,1005.04,1312,30.31,174.52,0.44,0.43
20170705,120,135,789,1378,623,1378,4530,52.76,2.15,10.09,2.47,235,€1.30,0,34,0.46,288,4,1793.79,1001,9.81,537.92,0.33,0.33
20170801,119,155,715,1465,814,1465,5618,42.25,2.27,14.04,2.94,365,€1.24,0,43,0.56,388,1,1816.68,683,6.03,700.28,0.38,0.66
20170630,118,122,748,1227,551,1227,3684,52.36,1.84,9.33,1.63,183,€0.85,0,20,0.45,214,1,1047.20,776,13.62,384.31,0.35,0.39
20170701,116,106,706,1166,562,1166,3218,58.41,1.62,8.28,1.54,148,€0.90,0,18,0.38,177,2,1051.33,951,16.44,355.37,0.31,0.30
20170706,116,117,683,1191,528,1192,3639,56.25,2.15,10.36,2.43,183,€1.37,0,29,0.41,198,0,1631.36,977,10.21,550.91,0.30,0.31
20170803,115,136,575,1025,590,1025,3200,42.23,1.70,9.86,1.95,151,€0.82,0,20,0.45,162,0,844.69,930,15.99,264.15,0.34,0.41
20170709,114,141,521,922,424,922,3206,58.49,3.27,11.64,2.93,178,€1.71,0,27,0.39,175,0,1579.19,920,8.98,651.27,0.26,0.31
20170725,110,97,721,1111,672,1112,3066,43.97,0.87,4.92,1.17,79,€0.51,0,13,0.38,154,4,571.64,729,14.37,306.02,0.26,0.55
20170712,107,107,590,994,509,994,2957,49.89,1.68,9.02,2.11,134,€1.05,0,21,0.44,157,2,1047.74,1265,16.23,307.39,0.27,0.37
20170702,106,121,816,1309,618,1309,4141,53.34,1.52,7.67,1.68,172,€0.90,0,22,0.48,310,0,1173.55,1017,14.42,369.83,0.31,0.30
20170524,104,104,1548,2526,1493,2526,6981,47.90,2.15,10.35,2.14,318,€1.02,24,54,0.46,381,216,2586.55,2013,8.65,553.50,0.23,0.21
20170707,100,114,568,963,423,963,3017,52.71,2.69,10.96,2.60,167,€1.37,0,25,0.44,173,0,1317.66,787,8.37,629.83,0.27,0.28
20170730,97,102,759,1262,722,1262,3830,40.70,1.33,10.42,1.98,212,€0.81,0,25,0.48,233,1,1017.43,1004,7.00,581.69,0.17,0.50
20170623,95,114,768,1282,615,1282,3945,51.56,1.74,8.34,1.95,173,€1.01,0,25,0.47,251,1,1289.10,473,8.36,616.85,0.44,0.46
20170726,94,112,652,1055,627,1055,3198,48.24,0.83,5.15,1.23,93,€0.59,0,13,0.45,214,0,627.12,743,16.57,291.21,0.29,0.67
20170731,93,136,630,1218,689,1218,4514,42.03,1.72,12.62,2.30,279,€0.97,0,28,0.49,278,0,1176.78,543,5.94,707.37,0.31,0.56
20170708,91,121,465,754,359,754,2315,46.97,2.07,8.52,2.39,107,€1.12,0,18,0.50,156,1,845.41,854,12.73,368.84,0.27,0.30
20170714,90,175,389,822,377,822,3666,47.41,3.90,17.58,4.38,302,€2.08,0,36,0.43,187,0,1706.74,2112,12.06,393.13,0.21,0.28
20170609,89,108,643,1142,605,1142,3317,50.86,1.37,7.48,1.66,131,€0.85,0,19,0.47,262,1,966.41,308,4.92,1034.26,0.30,0.37
20170718,88,133,665,1127,614,1127,3536,48.15,1.67,7.88,1.86,123,€0.90,0,21,0.42,141,0,1011.12,910,9.01,534.53,0.21,0.43
20170903,84,106,606,971,634,971,3150,45.28,2.81,21.55,1.44,192,€0.65,23,14,0.46,117,108,633.90,298,5.87,771.91,0.28,0.18
20170902,83,98,568,897,590,897,2689,49.88,2.10,23.09,1.00,187,€0.50,18,9,0.51,94,84,448.93,290,8.26,604.05,0.26,0.18
20170729,80,95,591,1020,593,1020,3026,45.72,0.77,10.37,0.98,175,€0.45,0,10,0.48,160,0,457.25,1119,25.94,176.30,0.23,0.33
20170505,78,132,935,1834,1133,1834,6263,57.01,2.12,11.08,2.07,314,€1.18,25,38,0.53,493,206,2166.29,1282,6.32,901.91,0.19,0.20
20170723,75,54,879,1145,793,1145,2491,50.91,1.41,7.21,0.87,102,€0.44,0,10,0.31,84,0,509.05,1009,20.84,244.28,0.21,0.60
20170727,73,126,460,812,474,812,2446,56.71,1.40,9.05,1.60,116,€0.91,0,13,0.42,133,3,737.28,666,12.08,469.42,0.24,0.41
20170904,69,110,633,1095,626,1095,3735,44.33,3.12,22.42,1.64,230,€0.73,19,18,0.39,113,106,797.93,159,1.89,2350.32,0.21,0.17
20170728,68,148,499,933,522,933,3389,50.12,1.55,11.33,2.36,197,€1.18,0,22,0.53,230,2,1102.67,1091,11.78,425.41,0.24,0.31
20170504,67,132,996,1959,1239,1959,7019,53.68,2.37,11.46,2.76,368,€1.48,29,54,0.64,604,310,2898.58,1428,4.86,1103.55,0.18,0.19
20170518,65,113,1002,1752,956,1752,5308,41.92,1.12,7.94,1.60,212,€0.67,22,28,0.44,368,132,1173.73,2411,17.66,237.39,0.21,0.25
20170523,63,131,1013,1837,906,1837,5677,45.94,1.94,8.38,2.50,242,€1.15,10,46,0.50,361,196,2113.14,2076,10.31,445.61,0.23,0.20
20170713,63,121,437,783,416,783,2746,47.36,2.24,12.04,2.43,156,€1.15,2,19,0.55,186,5,899.79,2504,26.91,175.96,0.20,0.32
20170509,62,148,735,1492,910,1492,5372,59.19,1.91,7.94,2.28,216,€1.35,16,34,0.54,500,152,2012.45,1376,7.54,785.41,0.19,0.21
20170901,62,116,468,743,451,743,2387,52.12,2.64,19.19,1.08,138,€0.56,25,8,0.38,83,65,416.98,202,5.08,1026.55,0.20,0.33
20170521,60,123,1082,1837,951,1837,5564,44.21,1.19,8.84,1.63,261,€0.72,20,30,0.50,349,158,1326.28,2174,16.13,274.05,0.22,0.16
20170503,58,119,1094,2100,1351,2100,7075,59.80,2.43,9.52,2.29,314,€1.37,26,48,0.55,558,268,2870.63,1519,6.28,951.67,0.20,0.21
20170522,58,128,1056,1854,901,1854,5830,43.31,1.67,9.54,2.27,274,€0.98,27,42,0.54,385,164,1818.89,2168,10.68,405.31,0.21,0.20
20170625,58,125,471,781,235,781,2483,53.13,1.91,8.51,1.92,116,€1.02,0,15,0.64,202,2,796.95,37,0.06,91603.42,0.02,50.00
20170515,57,141,965,1742,1051,1742,5972,50.68,1.92,8.12,2.53,237,€1.28,18,44,0.56,510,176,2230.13,1954,10.06,503.62,0.23,0.25
20170510,56,130,759,1369,810,1369,4385,48.56,1.21,6.57,1.53,136,€0.74,14,21,0.47,332,103,1019.70,1190,10.62,457.18,0.19,0.23
20170514,56,107,956,1664,1054,1664,4760,56.91,1.28,7.47,1.44,181,€0.82,20,24,0.51,356,110,1365.92,2505,23.41,243.14,0.22,0.25
20170624,56,127,463,753,237,753,2382,52.21,2.27,11.49,2.79,147,€1.46,0,21,0.47,147,2,1096.36,42,0.08,64491.67,0.04,43.30
20170821,56,93,937,1434,717,1434,4092,29.02,1.75,13.46,1.60,200,€0.47,19,23,0.41,131,118,667.48,456,5.08,571.18,0.26,0.24
20170508,54,121,911,1757,1073,1757,5522,49.49,1.71,7.75,2.16,204,€1.07,19,38,0.46,414,117,1880.52,1300,7.23,684.77,0.21,0.19
20170610,53,94,547,898,491,898,2370,45.29,1.07,7.33,1.34,96,€0.61,0,12,0.37,143,0,543.44,153,4.30,1054.20,0.34,1.08
20170507,52,127,932,1739,1116,1739,5762,50.97,1.28,9.82,1.67,284,€0.85,27,29,0.55,489,176,1478.20,1249,8.39,607.21,0.19,0.20
20170824,52,98,229,351,153,351,1006,53.53,1.92,7.67,1.99,32,€1.07,2,7,0.42,36,18,374.69,123,1.36,3939.93,0.08,1.46
20170502,51,107,1372,2458,1644,2458,7686,55.44,1.69,9.77,1.63,365,€0.90,35,40,0.55,663,222,2217.49,1505,7.60,729.15,0.20,0.20
20170519,51,110,817,1470,752,1470,4249,44.24,1.35,10.83,1.77,240,€0.78,20,26,0.43,220,126,1150.14,2238,16.59,266.71,0.19,0.20
20170426,50,100,1245,2375,1772,2375,6840,46.79,0.87,6.31,1.18,247,€0.55,16,28,0.76,550,140,1310.17,1067,10.59,441.86,0.28,0.29
20170511,50,118,753,1381,852,1381,4411,49.61,1.29,8.26,1.67,173,€0.83,10,23,0.50,329,105,1141.13,2059,16.39,302.76,0.18,0.30
20170516,50,129,836,1615,932,1615,5481,47.90,1.11,9.95,1.55,260,€0.74,15,25,0.45,352,180,1197.54,2533,19.26,248.71,0.19,0.27
20170506,48,126,883,1622,1008,1622,5304,54.64,2.45,10.18,2.53,270,€1.38,19,41,0.48,363,172,2240.36,1116,5.85,933.56,0.22,0.20
20170517,48,125,893,1653,928,1653,5020,49.39,2.00,8.49,2.48,208,€1.22,12,41,0.43,311,164,2024.79,2570,12.08,408.75,0.19,0.25
20170430,45,125,957,1827,1232,1827,6457,46.84,1.37,7.91,2.03,265,€0.95,29,37,0.76,709,145,1732.90,880,5.08,921.37,0.21,0.25
20170418,44,123,704,1453,1028,1453,4259,40.03,0.63,7.08,1.10,180,€0.44,4,16,1.09,293,95,640.41,1304,24.11,165.98,0.30,0.32
20170421,44,104,1009,1731,1214,1731,5105,47.21,0.89,7.29,1.27,213,€0.60,13,22,1.03,381,140,1038.67,970,13.11,360.21,0.30,0.33
20170501,44,129,1237,2351,1636,2351,8128,54.21,1.45,8.89,1.74,369,€0.95,45,41,0.61,781,227,2222.65,1087,5.80,935.46,0.22,0.25
20170822,44,117,612,1007,465,1007,3171,40.64,3.50,14.38,2.48,156,€1.01,9,25,0.46,130,96,1015.96,243,2.10,1932.95,0.22,0.37
20170520,43,136,811,1478,767,1478,4853,47.46,1.58,10.54,2.10,260,€1.00,16,31,0.50,299,169,1471.39,2168,14.57,325.70,0.21,0.20
20170722,43,76,673,950,582,950,2443,48.36,2.61,8.12,2.00,109,€0.97,0,19,0.46,134,0,918.80,733,8.31,582.22,0.22,0.53
20170429,42,121,874,1603,1021,1603,5546,53.63,1.33,9.97,1.56,277,€0.84,35,25,0.82,565,165,1340.69,449,4.02,1335.35,0.22,0.34
20170512,40,101,923,1495,1023,1495,4037,40.30,0.98,5.24,1.27,101,€0.51,9,19,0.46,289,63,765.77,2829,28.56,141.13,0.19,0.32
20170427,39,108,1110,2227,1592,2227,6662,52.56,1.13,6.57,1.26,227,€0.66,13,28,0.72,654,135,1471.73,562,5.35,983.12,0.27,0.32
20170823,39,82,311,462,219,462,1132,42.33,1.07,6.61,0.87,31,€0.37,6,4,0.45,35,16,169.32,181,2.24,1889.70,0.05,1.83
20170424,38,101,917,1757,1168,1757,5201,47.50,0.84,8.15,1.25,243,€0.59,16,22,0.75,372,124,1045.11,1118,13.95,340.55,0.27,0.29
20170417,37,103,733,1460,1074,1460,4064,45.26,0.73,6.77,1.10,168,€0.50,8,16,1.31,306,76,724.15,1764,38.56,117.38,0.35,0.41
20170428,37,112,824,1560,1004,1560,4922,47.96,0.83,8.07,1.09,203,€0.52,14,17,0.79,489,111,815.32,493,6.52,735.52,0.22,0.33
20170420,35,102,575,1220,802,1220,3926,43.76,0.86,8.51,1.39,179,€0.61,13,17,0.97,249,104,743.87,1022,17.40,251.53,0.29,0.32
20170906,35,109,413,659,272,659,2220,49.88,3.23,19.21,1.37,107,€0.68,12,9,0.48,84,63,448.92,19,0.31,16090.29,0.15,65.52
20170829,34,70,208,291,152,291,646,68.44,2.69,5.77,1.37,15,€0.94,0,4,0.23,17,18,273.78,120,2.10,3267.04,0.07,0.98
20170828,32,100,175,256,142,256,693,44.93,0.62,7.43,0.78,24,€0.35,2,2,0.43,43,20,89.87,109,2.86,1571.15,0.05,0.93
20170831,31,70,154,211,116,211,421,50.17,1.34,4.03,0.95,6,€0.48,0,2,0.31,10,5,100.34,81,2.36,2121.44,0.06,0.86
20170825,30,99,150,239,129,239,717,57.99,1.32,8.22,1.26,25,€0.73,0,3,0.45,37,17,173.98,81,1.58,3662.71,0.06,1.08
20170905,29,152,430,749,402,749,2783,47.85,3.72,23.00,1.87,167,€0.89,23,14,0.36,73,129,669.96,56,0.86,5532.28,0.22,0.14
20170425,28,107,817,1568,1042,1568,4714,53.98,1.05,8.02,1.28,213,€0.69,12,20,0.85,393,117,1079.58,1034,14.80,364.62,0.29,0.28
20170513,28,96,735,1315,853,1315,3640,40.08,0.70,6.79,0.91,126,€0.37,16,12,0.49,270,69,480.92,2658,45.65,87.80,0.21,0.30
20170827,28,72,174,231,130,231,493,0.00,0.00,6.58,0.00,16,€0.00,3,0,0.37,12,7,0.00,98,0.00,0.00,0.06,0.79
20170419,25,117,780,1490,1041,1490,4568,54.56,1.10,8.61,1.54,227,€0.84,18,23,1.07,284,134,1254.92,1129,13.73,397.48,0.28,0.28
20170925,25,129,41,75,42,75,287,0.00,0.00,9.68,0.00,9,€0.00,0,0,0.57,20,2,0.00,1316,0.00,0.00,0.16,0.34
20170407,24,121,96,184,149,184,495,42.86,0.34,7.74,0.54,23,€0.23,2,1,0.95,22,18,42.86,866,368.86,11.62,0.43,0.48
20170911,24,128,79,128,40,128,522,44.93,1.27,14.01,1.56,22,€0.70,3,2,0.69,43,8,89.87,6,0.08,52864.55,0.03,35.29
20170912,24,212,90,141,49,141,515,43.16,7.32,21.14,3.55,26,€1.53,6,5,0.47,23,32,215.79,13,0.07,61654.89,0.03,65.00
20170413,23,86,537,1024,839,1024,2730,43.08,0.41,7.38,0.68,126,€0.29,5,7,1.40,215,68,301.53,1362,84.43,51.02,0.43,0.40
20170907,23,154,262,446,197,446,1599,49.88,4.43,19.58,2.02,84,€1.01,13,9,0.40,44,74,448.92,14,0.05,91616.17,0.04,51.85
20170908,22,188,112,199,67,199,975,45.46,2.84,20.92,2.51,59,€1.14,7,5,0.62,86,40,227.29,3,0.02,227292.92,0.03,27.27
20170414,21,110,580,1164,890,1164,3347,43.05,0.79,6.00,1.37,129,€0.59,5,16,1.24,233,73,688.79,1464,36.20,118.94,0.40,0.44
20170416,21,110,582,1141,868,1141,3369,52.85,0.95,7.81,1.31,156,€0.69,9,15,1.21,257,79,792.68,1578,37.57,140.66,0.36,0.43
20170415,20,85,578,1091,840,1091,3070,53.69,0.66,6.91,0.82,126,€0.44,9,9,1.12,220,70,483.19,1559,64.86,82.78,0.37,0.43
20170422,20,102,788,1471,992,1471,4448,53.85,0.71,6.43,1.09,171,€0.59,14,16,0.90,344,95,861.54,1037,17.76,303.20,0.27,0.33
20170826,19,76,151,204,101,204,421,37.08,0.48,4.81,0.49,10,€0.18,0,1,0.38,14,3,37.08,69,5.02,738.63,0.07,0.64
20170918,19,58,48,84,35,84,249,0.00,0.00,20.00,0.00,15,€0.00,2,0,0.30,9,13,0.00,10,0.00,0.00,0.19,66.67
20170920,19,136,51,90,38,90,284,47.57,1.14,7.95,1.11,7,€0.53,1,1,0.32,16,6,47.57,7,0.92,5171.13,0.13,53.85
20170423,18,97,949,1754,1268,1754,5475,54.38,0.95,6.54,1.25,213,€0.68,15,22,0.83,472,129,1196.30,1055,13.19,412.41,0.27,0.30
20170830,18,52,128,171,96,171,303,0.00,0.00,3.42,0.00,4,€0.00,0,0,0.13,3,1,0.00,70,0.00,0.00,0.04,0.85
20170919,18,84,49,75,39,75,187,0.00,0.00,12.96,0.00,7,€0.00,0,0,0.18,3,2,0.00,7,0.00,0.00,0.04,58.33
20170917,17,103,47,79,40,79,218,0.00,0.00,10.61,0.00,7,€0.00,0,0,0.12,3,10,0.00,10,0.00,0.00,0.02,83.33
20170915,16,104,53,85,34,85,311,68.45,4.26,20.21,2.35,19,€1.61,2,2,0.25,7,20,136.90,6,0.08,85562.17,0.03,54.55
20170909,14,59,65,95,41,95,250,0.00,0.00,10.53,0.00,8,€0.00,1,0,0.30,10,0,0.00,6,0.00,0.00,0.02,75.00
20170910,14,97,73,110,27,110,376,42.32,0.90,14.41,0.91,16,€0.38,3,1,0.55,31,19,42.32,4,0.04,105790.72,0.01,40.00
20170914,13,80,48,71,29,71,190,0.00,0.00,3.45,0.00,2,€0.00,0,0,0.36,9,0,0.00,5,0.00,0.00,0.02,62.50
20170412,12,108,488,1011,847,1011,2955,49.01,0.87,5.67,1.38,111,€0.68,14,14,1.46,243,60,686.10,1239,34.63,141.52,0.39,0.37
20170916,10,102,44,68,23,68,219,0.00,0.00,13.11,0.00,8,€0.00,1,0,0.27,7,9,0.00,6,0.00,0.00,0.01,42.86
20170405,9,571,42,105,21,105,548,0.00,5.19,32.47,7.62,50,€0.00,2,8,1.12,28,65,0.00,0,0.00,0.00,0.00,0.00
20170401,4,311,3,10,5,10,32,0.00,0.00,11.76,0.00,2,€0.00,0,0,2.96,8,2,0.00,0,0.00,0.00,0.00,0.00
20170403,4,347,4,9,5,9,32,49.63,11.11,22.22,11.11,2,€5.51,0,1,0.00,0,2,49.63,0,0.00,0.00,0.00,0.00
20170410,4,852,8,51,23,51,451,0.00,0.00,21.76,0.00,37,€0.00,5,0,1.63,39,38,0.00,0,0.00,0.00,0.00,0.00
20170411,4,103,160,279,228,279,615,42.61,0.56,9.55,0.72,34,€0.31,4,2,1.15,41,29,85.22,1155,232.27,18.34,0.40,0.55
20170913,4,226,31,53,9,53,207,0.00,0.00,14.52,0.00,9,€0.00,0,0,0.65,15,7,0.00,3,0.00,0.00,0.01,33.33
20170921,4,104,29,41,7,41,75,0.00,0.00,16.67,0.00,3,€0.00,1,0,0.12,1,2,0.00,254,0.00,0.00,0.31,0.61
20170402,3,33,7,9,3,9,23,0.00,0.00,0.00,0.00,0,€0.00,0,0,1.99,9,0,0.00,0,0.00,0.00,0.00,0.00
20170404,2,406,10,34,6,34,180,55.18,1.47,10.29,2.94,7,€1.62,0,1,1.70,21,13,55.18,0,0.00,0.00,0.00,0.00
20170406,2,176,14,26,7,26,64,0.00,0.00,7.69,0.00,1,€0.00,0,0,0.00,0,5,0.00,0,0.00,0.00,0.00,0.00
20170409,2,173,3,10,3,10,40,0.00,0.00,4.55,0.00,1,€0.00,0,0,0.00,0,0,0.00,0,0.00,0.00,0.00,0.00
20170408,1,329,7,21,7,21,149,0.00,0.00,12.86,0.00,9,€0.00,0,0,1.67,12,4,0.00,0,0.00,0.00,0.00,0.00
20170922,0,0,3,3,1,3,3,0.00,0.00,0.00,0.00,0,€0.00,0,0,0.00,0,0,0.00,800,0.00,0.00,0.24,0.20
20170923,0,776,0,3,2,3,13,0.00,0.00,100.00,0.00,2,€0.00,0,0,0.00,0,0,0.00,1020,0.00,0.00,0.20,0.24
20170924,0,24,0,1,1,1,4,0.00,0.00,0.00,0.00,0,€0.00,0,0,0.00,0,0,0.00,1107,0.00,0.00,0.19,0.23
